0 16 0 0 15 8 9 6 4 11 13 5 0 0 3 0
6 12 0 0 0 0 4 14 2 7 0 0 0 0 5 9
0 0 0 13 0 0 16 7 15 14 0 0 6 0 0 0
0 0 4 3 10 0 0 0 0 0 0 6 1 11 0 0
7 0 0 5 8 15 0 0 0 0  11 14 9 0 0 16
8 0 0 0 9 0 0 4 13 0 0 3 0 0 0 2
12 1 3 0 0 0 6 0 0 16 0 0 0 15 4 5
9 13 11 0 0 16 0 0 0 0 15 0 0 7 10 6
16 11 10 0 0 2 0 0 0 0 7 0 0 5 6 13
5 6 15 0 0 0 10 0 0 2 0 0 0 8 7 4
13 0 0 0 6 0 0 9 5 0 0 16 0 0 0 15
3 0 0 12 11 5 0 0 0 0 10 4 16 0 0 1
0 0 9 6 16 0 0 0 0 0 0 7 2 12 0 0
0 0 0 16 0 0 11 13 12 5 0 0 15 0 0 0
4 3 0 0 0 0 8 2 16 15 0 0 0 0 1 7
0 8 0 0 5 9 14 10 1 3 2 13 0 0 16 0